Zeit, Geschwindigkeit, DeltaV, Gewicht
0                      24.57875856071312                        24.57875856071312                            2746134.0
1                      49.27893706620484                        24.70017850549172                            2732568.0
2                      74.10174110987366                        24.822804043668814                            2719002.0
3                      99.04839433043031                        24.946653220556662                            2705436.0
4                      124.1201387738398                        25.07174444340949                            2691870.0
5                      149.31823526438356                        25.19809649054375                            2678304.0
6                      174.64396378511907                        25.32572852073551                            2664738.0
7                      200.09862386802402                        25.45466008290496                            2651172.0
8                      225.68353499412223                        25.584911126098195                            2637606.0
9                      251.40003700389929                        25.71650200977705                            2624040.0
10                      277.24949051832743                        25.84945351442813                            2610474.0
11                      303.2332773708301                        25.98378685250265                            2596908.0
12                      329.3528010505292                        26.11952367969909                            2583342.0
13                      355.6094871571306                        26.256686106601446                            2569776.0
14                      382.0047838678167                        26.39529671068607                            2556210.0
15                      408.5401624165275                        26.535378548710785                            2542644.0
16                      435.2171175860282                        26.676955169500726                            2529078.0
17                      462.03716821317374                        26.820050627145545                            2515512.0
18                      489.0018577077975                        26.96468949462376                            2501946.0
19                      516.1127545856677                        27.110896877870264                            2488380.0
20                      543.3714530159718                        27.25869843030405                            2474814.0
21                      570.7795733838055                        27.408120367833703                            2461248.0
22                      598.3387628681647                        27.559189484359152                            2447682.0
23                      626.0506960359537                        27.711933167788953                            2434116.0
24                      653.9170754525468                        27.866379416593126                            2420550.0
25                      681.9396323094595                        28.022556856912686                            2406984.0
26                      710.1201270697072                        28.18049476024768                            2393418.0
27                      738.4603501314541                        28.34022306174684                            2379852.0
28                      766.9621225105768                        28.501772379122734                            2366286.0
29                      795.6272965427944                        28.665174032217575                            2352720.0
30                      824.4577566060403                        28.830460063245948                            2339154.0
31                      853.4554198637823                        28.9976632577419                            2325588.0
32                      882.6222370300216                        29.166817166239248                            2312022.0
33                      911.9601931567366                        29.33795612671506                            2298456.0
34                      941.4713084445647                        29.511115287828                            2284890.0
35                      971.1576390775492                        29.68633063298452                            2271324.0
36                      1001.0212780828166                        29.863639005267412                            2257758.0
37                      1031.0643562160797                        30.043078133263176                            2244192.0
38                      1061.2890428739058                        30.22468665782607                            2230626.0
39                      1091.6975470337247                        30.40850415981881                            2217060.0
40                      1122.2921182225964                        30.59457118887175                            2203494.0
41                      1153.0750475158006                        30.782929293204337                            2189928.0
42                      1184.0486685663557                        30.97362105055509                            2176362.0
43                      1215.2153586666238                        31.166690100268248                            2162796.0
44                      1246.577539843212                        31.36218117658808                            2149230.0
45                      1278.137679986426                        31.56014014321408                            2135664.0
46                      1309.8982940155993                        31.760614029173126                            2122098.0
47                      1341.8619450816668                        31.963651066067637                            2108532.0
48                      1374.0312458084284                        32.169300726761556                            2094966.0
49                      1406.408859573998                        32.377613765569464                            2081400.0
50                      1438.997501834015                        32.588642260017295                            2067834.0
51                      1471.799941488262                        32.8024396542469                            2054268.0
52                      1504.8190022924025                        33.01906080414045                            2040702.0
53                      1538.0575643166471                        33.238562024244594                            2027136.0
54                      1571.518565453226                        33.4610011365789                            2013570.0
55                      1605.2050029746433                        33.68643752141718                            2000004.0
56                      1639.119935144779                        33.914932170135664                            1986438.0
57                      1673.2664828850054                        34.146547740226474                            1972872.0
58                      1707.6478314975864                        34.38134861258105                            1959306.0
59                      1742.2672324487394                        34.61940095115311                            1945740.0
60                      1777.128005213857                        34.860772765117645                            1932174.0
61                      1812.2335391875054                        35.105533973648335                            1918608.0
62                      1847.5872956609487                        35.35375647344325                            1905042.0
63                      1883.1928098700841                        35.60551420913555                            1891476.0
64                      1919.0536931168185                        35.860883246734296                            1877910.0
65                      1955.1736349670668                        36.11994185024841                            1864344.0
66                      1991.5564055287227                        36.382770561656                            1850778.0
67                      2028.2058578131134                        36.64945228439068                            1837212.0
68                      2065.12593018364                        36.92007237052665                            1823646.0
69                      2102.320648895495                        37.194718711855266                            1810080.0
70                      2139.7941307305523                        37.473481835057015                            1796514.0
71                      2177.550585731738                        37.75645500118563                            1782948.0
72                      2215.5943200414317                        38.04373430969383                            1769382.0
73                      2253.929738848676                        38.335418807244565                            1755816.0
74                      2292.5613494502427                        38.63161060156645                            1742250.0
75                      2331.493764430871                        38.932414980628494                            1728684.0
76                      2370.7317049682974                        39.237940537426155                            1715118.0
77                      2410.280004268987                        39.548299300689514                            1701552.0
78                      2450.143611140831                        39.86360687184406                            1687986.0
79                      2490.3275937094068                        40.18398256857581                            1674420.0
80                      2530.837143284782                        40.50954957537535                            1660854.0
81                      2571.6775783862417                        40.84043510145985                            1647288.0
82                      2612.85434893274                        41.17677054649825                            1633722.0
83                      2654.373040607333                        41.518691674593356                            1620156.0
84                      2696.239379404338                        41.86633879700474                            1606590.0
85                      2738.459236368467                        42.219856964129                            1593024.0
86                      2781.0386325357563                        42.57939616728938                            1579458.0
87                      2823.983744086681                        42.94511155092443                            1565892.0
88                      2867.300907722487                        43.3171636358063                            1552326.0
89                      2910.9966262764506                        43.69571855396354                            1538760.0
90                      2955.0775745724814                        44.08094829603057                            1525194.0
91                      2999.550605544279                        44.473030971797684                            1511628.0
92                      3044.4227566290697                        44.8721510847907                            1498062.0
93                      3089.7012564508395                        45.27849982176973                            1484496.0
94                      3135.3935318089407                        45.692275358101334                            1470930.0
95                      3181.5072149889697                        46.11368318002896                            1457364.0
96                      3228.0501514139123                        46.54293642494257                            1443798.0
97                      3275.0304076547436                        46.98025624083148                            1430232.0
98                      3322.4562798209377                        47.42587216619402                            1416666.0
99                      3370.336302352713                        47.8800225317753                            1403100.0
100                      3418.6792572383238                        48.34295488561044                            1389534.0
101                      3467.4941836812895                        48.81492644296577                            1375968.0
102                      3516.7903882441865                        49.29620456289681                            1362402.0
103                      3566.577455497464                        49.78706725327767                            1348836.0
104                      3616.865259203771                        50.287803706306775                            1335270.0
105                      3667.6639740704272                        50.798714866656184                            1321704.0
106                      3718.9840881050372                        51.320114034609865                            1308138.0
107                      3770.836415611768                        51.852327506730944                            1294572.0
108                      3823.2321108685787                        52.39569525681075                            1281006.0
109                      3876.182682528665                        52.950571660085906                            1267440.0
110                      3929.70000879263                        53.51732626396516                            1253874.0
111                      3983.7963534014184                        54.09634460878845                            1240308.0
112                      4038.484382503867                        54.688029102448745                            1226742.0
113                      4093.777182456913                        55.29279995304636                            1213176.0
114                      4149.688278621031                        55.911096164117986                            1199610.0
115                      4206.231655218425                        56.54337659739416                            1186044.0
116                      4263.421776326916                        57.19012110849176                            1172478.0
117                      4321.273608088365                        57.85183176144883                            1158912.0
118                      4379.802642216927                        58.52903412856196                            1145346.0
119                      4439.024920899526                        59.22227868259897                            1131780.0
120                      4498.957063188663                        59.93214228913747                            1118214.0
121                      4559.616292996195                        60.65922980753237                            1104648.0
122                      4621.020468806046                        61.40417580985074                            1091082.0
123                      4683.188115234087                        62.16764642804115                            1077516.0
124                      4746.138456574726                        62.95034134063903                            1063950.0
125                      4809.8914524861875                        63.75299591146201                            1050384.0
126                      4874.467835980224                        64.57638349403646                            1036818.0
127                      4939.889153897158                        65.42131791693431                            1023252.0
128                      5006.177810063968                        66.28865616680935                            1009686.0
129                      5073.357111351695                        67.17930128772707                            996120.0
130                      5141.451316869102                        68.09420551740754                            982554.0
131                      5210.48569055238                        69.03437368327847                            968988.0
132                      5280.486557436181                        70.00086688380043                            955422.0
133                      5351.481363919599                        70.99480648341779                            941856.0
134                      5423.498742372356                        72.01737845275711                            928290.0
135                      5496.568580461746                        73.06983808939017                            914724.0
136                      5570.722095620416                        74.15351515867081                            901158.0
137                      5645.991915119328                        75.2698194989114                            887592.0
138                      5722.412162259906                        76.4202471405781                            874026.0
139                      5800.018549255258                        77.60638699535254                            860460.0
140                      5878.848477433209                        78.82992817795132                            846894.0
141                      5958.941145464863                        80.0926680316545                            833328.0
142                      6040.337666402597                        81.396520937734                            819762.0
143                      6123.081194402187                        82.74352799959013                            806196.0
144                      6207.217062106814                        84.13586770462766                            792630.0
145                      6292.792929787825                        85.57586768101132                            779064.0
146                      6379.858947470583                        87.06601768275777                            765498.0
147                      6468.467931426126                        88.60898395554267                            751932.0
148                      6558.675556583719                        90.20762515759404                            738366.0
149                      6650.540566619393                        91.86501003567336                            724800.0
